600639
600449
000498
002120
688767
600048
600675
000055
301207
603336
600649
002728
300653
001328
688289
688426
301381
920957
601992
600962
603099
605155
600233
002748
603995
300158
603296
603233
300643
603259
300787
000782
688627
301393
688630
600621
605507
000718
000156
301345
002768
688646
300765
603387
002298
300661
601369
000797
002146
605180
002767
688469
000069
688139
600488
300062
002374
002199
603118
000002
001324
301580
001331
688585
300987
000410
301019
688030
301015
688244
002660
000571
688237
300843
002189
000922
300487
603677
603578
603790
002882
688663
000045
603506
001207
600261
601811
300756
000510
002409
600679
300510
600897
300311
001339
301166
688508
688290
688512
300857
605100
300197
300305
300097
002833
603759
600746
002292
600593
603917
300729
601026
300711
300018
603661
603009
000031
688207
300599
300692
688589
605116
000656
003029
603284
301101
600516
600697
688352
300805
600640
001317
000504
601155
600606
301336
002881
002788
688131
300235
002960
301448
002705
002309
002597
603373
601222
300902
605136
002265
001359
002745
002786
603663
601061
002981
300244
300515
300622
688395
002687
301335
688653
300171
603116
300613
688211
300649
688328
603757
688620
601877
601138
002979
603025
688479
002520
605169
001288
603068
600790
000026
301200
300604
688403
920122
002245
603998
002819
002695
300895
601177
300620
002951
301262
002972
002428
301607
603779
300077
001211
603120
603177
688807
300863
688661
688110
002780
300457
603893
605178
301392
301209
300648
301421
301338
001358
300394
300834
301377
603052
301070
603125
300006
300976
002222
002957
002449
603313
600609
600822
002975
002371
002167
002961
000972
002829
603255
300577
002612
300634
002577
688072
001226
600775
000011
600671
000607
002955
000035
000532
600577
002005
000509
300740
603867
300676
688388
300672
600769
688796
300223
002138
300502
002851
002434
688416
001306
301606
301161
603306
301092
688125
688401
688310
301566
603297
300814
301129
688127
301617
688151
600604
300141
300877
300985
688069
301121
002204
600222
603960
301051
301128
000831
603087
301225
603637
002762
605208
600520
002774
002989
688003
605288
688182
600982
603897
000620
000965
920971
603703
603155
002838
688138
688010
603701
002051
002792
002655
301446
688276
002849
688136
603156
300841
002107
300142
002486
600095
603608
300981
000910
002185
002713
002471
600584
300687
300475
600156
688049
301196
688392
000962
300005
003039
300054
301479
603061
688227
688766
002300
600838
603232
002836
688031
688315
688613
301551
688799
300554
301285
301235
300870
301326
688628
001356
300853
002008
688786
002158
300698
301307
603212
300917
603203
002290
688531
688683
001309
301099
688693
688123
600389
603163
688255
688668
688502
000936
301577
300184
603929
300846
301357
002992
300265
688665
688109
301186
603688
301182
603803
601231
688259
603666
688379
300686
600353
000722
301123
688286
000720
000032
300809
603933
603010
603726
605268
603179
603276
600487
603124
002741
002384
002806
300840
688575
301550
301077
301018
605300
688583
688809
002058
688163
002178
603533
301230
605111
688313
300341
002803
300983
600110
301603
300414
301205
688385
001312
920189
301107
000019
002169
920344
601952
002696
002679
688383
002274
688220
002161
920036
688376
688521
000920
300943
603882
688234
605358
001300
301055
600829
002837
688176
002281
300988
600206
301587
000862
300937
603969
600605
603507
301279
301630
688256
300603
000679
603629
603725
603122
688820
688206
688603
688073
600246
300368
605555
688699
688056
301322
688449
688619
688596
688559
605318
603956
600234
688367
688312
301348
002484
603038
301629
605589
600552
000065
603286
001266
301389
605366
300364
603489
300936
605488
688593
300767
301169
002534
603680
300277
688332
688419
920176
300399
600378
603075
300916
603678
600500
301536
603626
688378
688037
688595
688185
920178
001238
688610
002685
600325
688318
301028
688307
301489
603738
300308
603319
300378
000006
002584
301211
001365
002907
301317
300508
300828
688330
301306
600135
688192
300323
920006
688373
300528
603926
002682
688598
003041
600448
688362
688515
688733
688551
300042
300975
600929
688721
688216
300992
600379
002990
920496
603931
301217
300128
300710
301021
002638
603773
600847
688381
300746
600367
002947
688130
300700
603728
688230
603711
688238
605566
000062
002387
920222
300747
301165
688800
002757
002903
300461
301323
688710
002779
300656
603248
300260
688249
688008
300751
603687
300793
301511
603655
000536
002031
000020
300236
688478
300069
301598
600699
301220
605277
002362
000981
603928
000517
000678
300207
002453
300820
603293
603090
688343
001233
002213
688039
301111
688320
603119
603200
000859
603285
688261
603316
002134
300623
688368
300889
300424
603978
002787
603439
001316
603389
603020
688611
603001
688001
001360
300550
688726
001389
002589
603016
600630
300798
301678
603685
605378
001278
000007
603386
301067
301516
600103
600460
002137
603693
