300183
300410
002735
300292
002617
300121
300099
000151
300565
603291
002600
600310
688267
000561
603051
002560
002242
605069
002848
601199
603386
002902
600184
600237
603936
603938
600410
002218
603136
605088
603693
603601
688151
603533
300408
603285
688519
300922
301566
600468
002194
600105
600596
601218
002134
603376
301270
688011
605319
000722
603353
000720
300502
300414
603803
600176
688216
002498
603115
002088
002579
300843
601611
000862
002669
600345
603313
002916
300846
600178
001388
300317
002938
603389
002972
300850
001389
603458
603139
600400
603615
002463
300688
002309
300062
300563
688367
603336
600207
603439
605011
688581
300196
300991
603678
600032
301456
002296
002130
002508
002613
600982
920198
601112
300569
003035
003007
002510
600973
002212
600100
002108
600676
603355
000670
603712
002925
600198
600016
300051
600900
600979
000531
300095
603666
300221
603956
002263
002039
