300739
688216
002735
300013
002457
600310
600710
300008
600908
301311
600919
600072
600104
601866
300332
601577
603601
001299
002531
002543
601231
603316
000048
002174
600644
000978
002912
603657
300850
688519
603406
688031
003029
300877
603936
300394
002902
603106
603389
688660
001388
300062
603115
601208
002762
603663
688813
300620
600578
603376
688800
688207
002916
002047
300369
002077
001309
002757
301626
600671
603010
301205
603400
300311
603093
002162
600903
603306
300857
002815
688559
002246
600266
002178
002851
000723
600649
600327
300197
002155
601011
002463
002194
002628
600362
001389
301357
002204
600488
600876
000722
603318
301297
600812
600101
600505
600113
000889
300051
300049
000537
002242
300235
300840
601061
688605
300863
600582
002140
002108
300414
002508
605507
600390
600917
000601
002613
600918
600821
300422
688267
002434
000862
002958
600400
300847
000037
601218
688161
600979
300569
002510
301559
601880
601901
003035
603386
600483
003037
000670
600982
600789
603051
600198
000966
300185
603053
600717
001319
000088
601608
601200
