000504
603107
600626
600449
301381
600606
002566
688289
603995
301207
301558
605155
002468
002762
688426
603110
688296
002981
000571
002266
002127
603259
603296
001328
600593
603336
600962
002145
002748
688011
603387
688646
301270
600488
002745
002925
001225
605005
301166
000809
301336
001359
688663
002836
301045
688508
603997
600403
600448
603677
002045
600697
603790
600516
300649
601811
300661
300857
688585
301607
688620
603578
002199
688627
688630
688512
300981
002906
603506
000820
002292
001207
300401
600303
002388
002660
603779
000045
688352
605100
301115
300813
600822
002640
002577
603607
300197
001331
300363
300575
301393
002321
603009
300320
688265
920957
002705
300692
001339
605136
301262
000665
603903
688670
002204
002972
300434
600609
002774
300749
300767
300648
600685
300843
688395
300006
300989
002222
688796
688313
301209
002975
603120
000920
300805
603868
002979
000739
688328
300577
605169
603960
002453
603917
600487
300394
002281
002687
002169
301128
688218
301307
301051
002938
002623
002178
300672
603087
301285
003036
000810
002584
300244
600353
300620
603306
688603
000510
301678
002792
301446
688127
002051
603701
002713
300502
300049
301348
603203
688668
000011
300983
603608
600095
600671
603637
603418
603313
688378
003031
605208
300902
002796
301225
301550
301286
000679
603650
603112
605488
002730
300918
688131
603255
001378
688807
603897
301077
300985
002384
600793
002695
603163
603533
688388
688182
688123
301421
002008
300976
002838
603276
603626
002655
688202
688138
688699
688090
002824
688611
300424
601952
000019
600113
000972
002371
002107
000678
300528
301018
688583
605358
688130
002339
003001
688079
603179
603266
002613
300992
600847
300689
002158
603489
603507
300809
603389
688163
688502
301322
688110
301070
688820
301479
301107
300623
002590
301230
600605
300207
000620
603286
603001
688222
002779
301125
605288
301595
300990
300938
688799
301317
600156
002025
002212
300398
603119
001209
300988
002837
301323
301306
000981
300243
688521
603038
002214
300128
603156
688401
600552
002990
300710
688286
688693
603020
605111
603926
688458
300260
301603
001360
300461
600630
600293
002927
300171
688238
001356
002638
603978
688192
605006
688315
000517
301598
688330
603928
688234
002137
301021
002947
301111
603680
688073
603687
688653
002522
603248
300413
002903
002106
002612
603665
300488
300613
300550
301399
301516
002134
002068
002046
301626
688001
301533
920146
300825
000007
002489
