601377
600779
688009
000993
600299
605369
301263
300231
601696
002438
300132
300925
000799
002204
600702
601877
300541
600469
603383
605011
300871
300185
300872
920069
000625
300888
688639
000777
301558
601908
603300
600550
300146
600446
300092
001328
301011
001257
600816
603357
002236
301229
002967
600373
300130
601456
301299
000400
300803
003029
300531
600612
001285
002101
600163
600173
002152
688588
002310
002097
000862
605333
301589
603059
300650
688581
600231
603194
600009
688334
601702
002372
600072
300466
603656
300047
300127
603018
601608
600575
002597
920160
603312
688566
300406
002268
002797
600170
300904
002540
000707
603809
000415
300926
600496
601669
688271
601238
600125
002123
601500
601688
600710
300287
600713
002675
920011
600507
688098
300918
000957
002276
603535
002439
002304
603027
603719
301372
301386
600839
000825
600166
601628
300349
600010
002526
600797
002191
603848
300059
688013
688526
600905
002124
600167
300678
600218
300389
920108
301559
603191
002090
002157
300034
688208
003038
300341
603708
600983
603896
002752
603051
600085
002010
002984
600977
603579
300190
300298
002557
601868
600635
300496
002358
688560
002007
002454
002996
002583
002182
600751
920177
600742
688151
000683
600960
688429
600873
601106
603280
002599
000158
001221
002685
300824
688579
000913
300355
600375
688509
920020
000629
301078
600475
603015
000544
300403
603558
600210
300552
301278
002146
603788
002096
600959
300784
002393
605378
300098
688459
002312
688570
600822
688050
600939
002810
600970
003015
688779
600843
002044
601065
002139
002405
002553
000915
000876
300228
600050
601880
001319
002148
300365
601200
000008
600179
000401
300177
002035
002767
600761
300238
688118
300099
600161
600282
000425
300702
002575
000686
600557
301068
300374
300834
300783
002985
001390
001238
002256
603085
300978
600981
002076
300095
002043
600592
300278
002616
688533
000528
002337
000809
603325
301290
603409
300869
300619
300510
600518
002529
300380
600138
301370
300215
605298
920061
000652
600019
600987
600420
002444
601866
301283
603309
603551
600827
002510
601800
600587
601788
605259
600022
600558
002061
600708
000422
002736
600315
600528
000709
300636
600305
300075
600820
601990
600764
301221
002206
601686
688213
600958
300993
603299
688389
603053
000680
603868
600502
688425
605507
600633
600976
300743
603899
600269
300018
000778
000543
000881
601186
603697
002267
002063
601336
603877
002170
002351
300239
002060
600157
301296
301215
300659
002533
600055
601881
600406
688193
000708
301019
000726
300982
002381
601368
000516
603639
603037
002252
000868
001382
600894
601188
300470
600993
600223
002508
603066
920017
600918
603955
301586
603197
300320
300021
002546
002480
301518
600023
301575
301187
001308
603676
002239
003037
300124
002230
600168
601801
002715
002864
301339
601138
300033
300963
300225
600004
002895
300339
002688
603518
300422
301508
300452
600810
600292
300722
300213
002573
002775
601369
688739
600054
002233
600567
301109
000099
301206
600597
002127
002594
